2.500000000000000139e-02 0.000000000000000000e+00 0.000000000000000000e+00
7.499999999999999722e-02 0.000000000000000000e+00 0.000000000000000000e+00
1.250000000000000000e-01 1.608839999999999923e-02 1.137050000000000040e-02
1.749999999999999889e-01 4.956959999999999839e-02 1.423050000000000009e-02
2.250000000000000056e-01 8.518939999999999846e-02 1.436650000000000080e-02
2.750000000000000222e-01 1.897899999999999865e-01 1.827169999999999836e-02
3.250000000000000111e-01 2.792029999999999790e-01 1.753870000000000082e-02
3.750000000000000000e-01 4.512840000000000185e-01 2.063320000000000085e-02
4.249999999999999889e-01 6.360099999999999643e-01 2.171510000000000107e-02
4.749999999999999778e-01 8.284930000000000350e-01 2.164189999999999864e-02
5.250000000000000222e-01 1.035709999999999908e+00 2.184519999999999865e-02
5.749999999999999556e-01 1.184600000000000097e+00 2.204309999999999950e-02
6.250000000000000000e-01 1.369040000000000035e+00 2.161920000000000161e-02
6.750000000000000444e-01 1.511910000000000087e+00 2.164349999999999954e-02
7.249999999999999778e-01 1.587499999999999911e+00 2.014929999999999846e-02
7.750000000000000222e-01 1.610009999999999941e+00 1.906089999999999868e-02
8.249999999999999556e-01 1.708739999999999926e+00 1.868869999999999906e-02
8.750000000000000000e-01 1.639489999999999892e+00 1.745299999999999976e-02
9.250000000000000444e-01 1.601320000000000077e+00 1.616360000000000019e-02
9.749999999999999778e-01 1.505220000000000002e+00 1.456990000000000021e-02
1.024999999999999911e+00 1.372770000000000046e+00 1.333909999999999957e-02
1.074999999999999956e+00 1.290710000000000024e+00 1.187150000000000011e-02
1.125000000000000000e+00 1.242639999999999967e+00 1.154819999999999978e-02
1.175000000000000044e+00 1.206299999999999928e+00 1.075820000000000075e-02
1.225000000000000089e+00 1.181389999999999940e+00 1.027149999999999938e-02
1.274999999999999911e+00 1.188949999999999951e+00 9.769860000000000003e-03
1.324999999999999956e+00 1.165119999999999933e+00 9.333799999999999736e-03
1.375000000000000000e+00 1.182439999999999936e+00 8.861980000000000204e-03
1.425000000000000044e+00 1.176619999999999999e+00 8.976629999999999332e-03
1.475000000000000089e+00 1.176360000000000072e+00 8.233229999999999368e-03
1.524999999999999911e+00 1.175400000000000000e+00 8.063620000000000509e-03
1.574999999999999956e+00 1.156279999999999974e+00 7.946860000000000035e-03
1.625000000000000000e+00 1.149890000000000079e+00 7.481849999999999959e-03
1.675000000000000044e+00 1.147820000000000062e+00 7.249560000000000379e-03
1.725000000000000089e+00 1.125089999999999923e+00 7.054630000000000102e-03
1.774999999999999911e+00 1.107229999999999936e+00 6.829299999999999954e-03
1.824999999999999956e+00 1.097450000000000037e+00 6.474950000000000150e-03
1.875000000000000000e+00 1.089979999999999949e+00 6.353079999999999665e-03
1.925000000000000044e+00 1.078570000000000029e+00 6.243389999999999704e-03
1.975000000000000089e+00 1.074610000000000065e+00 5.965390000000000102e-03
2.024999999999999911e+00 1.061339999999999950e+00 5.556160000000000092e-03
2.075000000000000178e+00 1.055469999999999908e+00 5.542769999999999815e-03
2.125000000000000000e+00 1.050640000000000018e+00 5.622219999999999822e-03
2.174999999999999822e+00 1.054750000000000076e+00 5.586479999999999571e-03
2.225000000000000089e+00 1.048550000000000093e+00 5.371869999999999944e-03
2.274999999999999911e+00 1.044729999999999936e+00 5.353079999999999644e-03
2.325000000000000178e+00 1.036040000000000072e+00 5.171639999999999918e-03
2.375000000000000000e+00 1.035560000000000036e+00 4.956490000000000028e-03
2.424999999999999822e+00 1.035400000000000098e+00 4.721389999999999788e-03
2.475000000000000089e+00 1.023179999999999978e+00 4.726720000000000227e-03
2.524999999999999911e+00 1.017419999999999991e+00 4.484369999999999676e-03
2.575000000000000178e+00 1.013020000000000032e+00 4.547240000000000136e-03
2.625000000000000000e+00 1.017570000000000086e+00 4.438629999999999833e-03
2.674999999999999822e+00 1.017439999999999900e+00 4.307690000000000304e-03
2.725000000000000089e+00 1.005730000000000013e+00 4.193579999999999704e-03
2.774999999999999911e+00 1.007239999999999913e+00 4.063630000000000367e-03
2.825000000000000178e+00 1.009870000000000045e+00 4.143280000000000053e-03
2.875000000000000000e+00 1.002259999999999929e+00 4.103820000000000211e-03
2.924999999999999822e+00 1.010999999999999899e+00 3.976890000000000286e-03
2.975000000000000089e+00 1.002029999999999976e+00 3.766470000000000061e-03
3.024999999999999911e+00 1.007230000000000070e+00 3.722989999999999806e-03
3.075000000000000178e+00 1.000110000000000054e+00 3.734910000000000140e-03
3.125000000000000000e+00 9.975990000000000135e-01 3.666949999999999984e-03
3.174999999999999822e+00 1.002119999999999900e+00 3.643149999999999947e-03
3.225000000000000089e+00 1.003570000000000073e+00 3.573660000000000204e-03
3.274999999999999911e+00 1.000990000000000046e+00 3.414410000000000101e-03
3.325000000000000178e+00 9.910689999999999777e-01 3.617790000000000068e-03
3.375000000000000000e+00 9.951410000000000533e-01 3.403020000000000090e-03
3.424999999999999822e+00 9.953640000000000265e-01 3.256950000000000209e-03
3.475000000000000089e+00 9.987369999999999859e-01 3.322560000000000010e-03
3.524999999999999911e+00 9.984840000000000382e-01 3.401079999999999902e-03
3.575000000000000178e+00 9.901339999999999586e-01 3.205439999999999939e-03
3.625000000000000000e+00 9.928810000000000136e-01 3.112209999999999803e-03
3.674999999999999822e+00 9.947449999999999903e-01 3.118709999999999798e-03
3.725000000000000089e+00 9.929850000000000065e-01 3.070649999999999855e-03
3.774999999999999911e+00 9.940080000000000027e-01 3.055689999999999795e-03
3.825000000000000178e+00 9.943589999999999929e-01 2.971759999999999940e-03
3.875000000000000000e+00 9.939369999999999594e-01 2.919779999999999858e-03
3.924999999999999822e+00 9.911969999999999947e-01 3.025920000000000085e-03
3.975000000000000089e+00 9.944290000000000074e-01 2.767830000000000203e-03
4.025000000000000355e+00 9.906789999999999763e-01 2.768539999999999890e-03
4.075000000000000178e+00 9.886080000000000423e-01 2.722449999999999957e-03
4.125000000000000000e+00 9.901750000000000274e-01 2.747820000000000210e-03
4.174999999999999822e+00 9.932569999999999455e-01 2.637459999999999891e-03
4.224999999999999645e+00 9.971870000000000456e-01 2.686650000000000062e-03
4.275000000000000355e+00 9.946669999999999678e-01 2.659400000000000132e-03
4.325000000000000178e+00 9.870679999999999454e-01 2.692940000000000004e-03
4.375000000000000000e+00 9.865540000000000420e-01 2.609719999999999835e-03
4.424999999999999822e+00 9.887650000000000050e-01 2.564170000000000164e-03
4.474999999999999645e+00 9.939519999999999467e-01 2.656309999999999834e-03
