2.500000000000000139e-02 1.999089999999999808e-03 4.217040000000000133e-04
7.499999999999999722e-02 4.751080000000000407e-03 2.525229999999999944e-04
1.250000000000000000e-01 1.126759999999999914e-02 2.268299999999999950e-04
1.749999999999999889e-01 2.604959999999999914e-02 2.582020000000000192e-04
2.250000000000000056e-01 5.500780000000000253e-02 2.878390000000000202e-04
2.750000000000000222e-01 1.022779999999999939e-01 3.267640000000000041e-04
3.250000000000000111e-01 1.722400000000000042e-01 3.425629999999999929e-04
3.750000000000000000e-01 2.666490000000000249e-01 3.580489999999999866e-04
4.249999999999999889e-01 3.819830000000000170e-01 3.937699999999999924e-04
4.749999999999999778e-01 5.106899999999999773e-01 3.898570000000000182e-04
5.250000000000000222e-01 6.451700000000000212e-01 3.969010000000000138e-04
5.749999999999999556e-01 7.727559999999999985e-01 3.958739999999999980e-04
6.250000000000000000e-01 8.890109999999999957e-01 3.845850000000000050e-04
6.750000000000000444e-01 9.878209999999999491e-01 3.816410000000000006e-04
7.249999999999999778e-01 1.064699999999999980e+00 3.790779999999999779e-04
7.750000000000000222e-01 1.120519999999999960e+00 3.481140000000000081e-04
8.249999999999999556e-01 1.152239999999999931e+00 3.423400000000000054e-04
8.750000000000000000e-01 1.158959999999999990e+00 3.181220000000000011e-04
9.250000000000000444e-01 1.139210000000000056e+00 2.835350000000000153e-04
9.749999999999999778e-01 1.090090000000000003e+00 2.736309999999999827e-04
1.024999999999999911e+00 1.023069999999999924e+00 2.615469999999999948e-04
1.074999999999999956e+00 9.766669999999999519e-01 2.362569999999999980e-04
1.125000000000000000e+00 9.533629999999999605e-01 2.174599999999999949e-04
1.175000000000000044e+00 9.463610000000000078e-01 2.160809999999999933e-04
1.225000000000000089e+00 9.493040000000000367e-01 2.067679999999999963e-04
1.274999999999999911e+00 9.596080000000000165e-01 1.989960000000000036e-04
1.324999999999999956e+00 9.729419999999999735e-01 1.954419999999999899e-04
1.375000000000000000e+00 9.865599999999999925e-01 1.851269999999999912e-04
1.425000000000000044e+00 9.988899999999999446e-01 1.795439999999999872e-04
1.475000000000000089e+00 1.008029999999999982e+00 1.767170000000000091e-04
1.524999999999999911e+00 1.014029999999999987e+00 1.695679999999999865e-04
1.574999999999999956e+00 1.016019999999999923e+00 1.686509999999999951e-04
1.625000000000000000e+00 1.015540000000000109e+00 1.698319999999999962e-04
1.675000000000000044e+00 1.012620000000000076e+00 1.545600000000000110e-04
1.725000000000000089e+00 1.008550000000000058e+00 1.524829999999999968e-04
1.774999999999999911e+00 1.004080000000000084e+00 1.469709999999999994e-04
1.824999999999999956e+00 9.998489999999999878e-01 1.461760000000000045e-04
1.875000000000000000e+00 9.968860000000000499e-01 1.376030000000000037e-04
1.925000000000000044e+00 9.953899999999999970e-01 1.326599999999999936e-04
1.975000000000000089e+00 9.947019999999999751e-01 1.291379999999999958e-04
2.024999999999999911e+00 9.950839999999999685e-01 1.257370000000000059e-04
2.075000000000000178e+00 9.963009999999999922e-01 1.237680000000000117e-04
2.125000000000000000e+00 9.977040000000000353e-01 1.198039999999999934e-04
2.174999999999999822e+00 9.998759999999999870e-01 1.198380000000000002e-04
2.225000000000000089e+00 1.000869999999999926e+00 1.211130000000000041e-04
2.274999999999999911e+00 1.001609999999999889e+00 1.146519999999999994e-04
2.325000000000000178e+00 1.002189999999999914e+00 1.111740000000000032e-04
2.375000000000000000e+00 1.002410000000000023e+00 1.138479999999999982e-04
2.424999999999999822e+00 1.001929999999999987e+00 1.097929999999999973e-04
2.475000000000000089e+00 1.001630000000000020e+00 1.038440000000000039e-04
2.524999999999999911e+00 1.001060000000000061e+00 1.041559999999999968e-04
2.575000000000000178e+00 1.000559999999999894e+00 1.031210000000000042e-04
2.625000000000000000e+00 9.999799999999999800e-01 9.681020000000000359e-05
2.674999999999999822e+00 9.995319999999999760e-01 9.676140000000000500e-05
2.725000000000000089e+00 9.994939999999999936e-01 1.011529999999999987e-04
2.774999999999999911e+00 9.995939999999999825e-01 9.406219999999999534e-05
2.825000000000000178e+00 9.998599999999999710e-01 9.181489999999999400e-05
2.875000000000000000e+00 9.997819999999999485e-01 9.147230000000000172e-05
2.924999999999999822e+00 1.000119999999999898e+00 8.819730000000000343e-05
2.975000000000000089e+00 1.000299999999999967e+00 8.768889999999999996e-05
3.024999999999999911e+00 1.000529999999999919e+00 8.869589999999999896e-05
3.075000000000000178e+00 1.000490000000000101e+00 8.513139999999999607e-05
3.125000000000000000e+00 1.000599999999999934e+00 8.227409999999999888e-05
3.174999999999999822e+00 1.000539999999999985e+00 8.136340000000000098e-05
3.225000000000000089e+00 1.000580000000000025e+00 8.463039999999999528e-05
3.274999999999999911e+00 1.000320000000000098e+00 7.911719999999999528e-05
3.325000000000000178e+00 1.000210000000000043e+00 7.738300000000000094e-05
3.375000000000000000e+00 1.000210000000000043e+00 7.719430000000000053e-05
3.424999999999999822e+00 1.000289999999999901e+00 7.190619999999999944e-05
3.475000000000000089e+00 1.000229999999999952e+00 7.528780000000000108e-05
3.524999999999999911e+00 1.000350000000000072e+00 7.261929999999999774e-05
3.575000000000000178e+00 1.000140000000000029e+00 7.199619999999999349e-05
3.625000000000000000e+00 1.000189999999999912e+00 7.435179999999999513e-05
3.674999999999999822e+00 1.000359999999999916e+00 6.959290000000000246e-05
3.725000000000000089e+00 1.000389999999999890e+00 6.903549999999999997e-05
3.774999999999999911e+00 1.000380000000000047e+00 6.880580000000000452e-05
3.825000000000000178e+00 1.000299999999999967e+00 7.108890000000000304e-05
3.875000000000000000e+00 1.000320000000000098e+00 6.708910000000000112e-05
3.924999999999999822e+00 1.000259999999999927e+00 6.718509999999999478e-05
3.975000000000000089e+00 1.000299999999999967e+00 6.578349999999999790e-05
4.025000000000000355e+00 1.000280000000000058e+00 6.461799999999999695e-05
4.075000000000000178e+00 1.000399999999999956e+00 6.371479999999999516e-05
4.125000000000000000e+00 1.000159999999999938e+00 6.120249999999999551e-05
4.174999999999999822e+00 1.000180000000000069e+00 6.088199999999999748e-05
4.224999999999999645e+00 1.000369999999999981e+00 6.191030000000000253e-05
4.275000000000000355e+00 1.000429999999999930e+00 6.270449999999999570e-05
4.325000000000000178e+00 1.000380000000000047e+00 5.956899999999999836e-05
4.375000000000000000e+00 1.000140000000000029e+00 5.966360000000000250e-05
4.424999999999999822e+00 1.000350000000000072e+00 5.813849999999999910e-05
4.474999999999999645e+00 1.000269999999999992e+00 5.756460000000000109e-05
