2.500000000000000139e-02 0.000000000000000000e+00 0.000000000000000000e+00
7.499999999999999722e-02 0.000000000000000000e+00 0.000000000000000000e+00
1.250000000000000000e-01 1.608839999999999923e-02 1.608839999999999923e-02
1.749999999999999889e-01 1.652319999999999831e-02 1.167780000000000033e-02
2.250000000000000056e-01 1.503340000000000058e-02 8.670860000000000720e-03
2.750000000000000222e-01 9.069599999999999884e-02 1.722579999999999945e-02
3.250000000000000111e-01 9.146300000000000263e-02 1.533580000000000013e-02
3.750000000000000000e-01 1.935360000000000136e-01 1.823639999999999983e-02
4.249999999999999889e-01 2.465150000000000119e-01 1.944589999999999860e-02
4.749999999999999778e-01 3.124480000000000035e-01 1.889309999999999948e-02
5.250000000000000222e-01 4.008010000000000184e-01 1.967949999999999908e-02
5.749999999999999556e-01 4.666040000000000187e-01 1.913170000000000148e-02
6.250000000000000000e-01 5.709499999999999575e-01 1.959139999999999840e-02
6.750000000000000444e-01 6.180660000000000043e-01 1.890060000000000004e-02
7.249999999999999778e-01 7.077620000000000022e-01 1.963089999999999974e-02
7.750000000000000222e-01 7.381250000000000311e-01 1.857649999999999926e-02
8.249999999999999556e-01 7.662560000000000482e-01 1.819940000000000099e-02
8.750000000000000000e-01 7.693539999999999823e-01 1.663620000000000029e-02
9.250000000000000444e-01 7.905400000000000205e-01 1.588010000000000116e-02
9.749999999999999778e-01 7.779949999999999921e-01 1.489670000000000057e-02
1.024999999999999911e+00 7.587439999999999740e-01 1.421880000000000019e-02
1.074999999999999956e+00 7.191279999999999895e-01 1.295860000000000067e-02
1.125000000000000000e+00 7.180149999999999588e-01 1.248190000000000063e-02
1.175000000000000044e+00 7.257350000000000190e-01 1.191820000000000032e-02
1.225000000000000089e+00 7.320349999999999913e-01 1.153859999999999955e-02
1.274999999999999911e+00 7.453189999999999538e-01 1.070079999999999990e-02
1.324999999999999956e+00 7.645610000000000461e-01 1.073829999999999923e-02
1.375000000000000000e+00 7.921529999999999960e-01 1.052170000000000015e-02
1.425000000000000044e+00 8.257229999999999848e-01 1.034790000000000015e-02
1.475000000000000089e+00 8.395350000000000312e-01 9.670160000000000561e-03
1.524999999999999911e+00 8.521999999999999575e-01 9.894270000000000148e-03
1.574999999999999956e+00 8.753490000000000437e-01 9.956680000000000738e-03
1.625000000000000000e+00 8.721839999999999593e-01 9.441099999999999146e-03
1.675000000000000044e+00 8.914360000000000062e-01 9.342160000000000394e-03
1.725000000000000089e+00 8.795460000000000500e-01 8.670489999999999448e-03
1.774999999999999911e+00 8.943210000000000326e-01 8.597669999999999965e-03
1.824999999999999956e+00 8.776530000000000165e-01 8.322070000000000856e-03
1.875000000000000000e+00 8.946499999999999453e-01 8.088619999999999491e-03
1.925000000000000044e+00 9.087210000000000010e-01 8.193380000000000107e-03
1.975000000000000089e+00 9.024759999999999449e-01 7.740340000000000067e-03
2.024999999999999911e+00 9.129380000000000273e-01 7.596140000000000357e-03
2.075000000000000178e+00 9.094659999999999966e-01 7.817489999999999856e-03
2.125000000000000000e+00 9.339610000000000412e-01 7.221909999999999788e-03
2.174999999999999822e+00 9.220460000000000322e-01 6.915949999999999702e-03
2.225000000000000089e+00 9.411180000000000101e-01 6.836029999999999884e-03
2.274999999999999911e+00 9.465189999999999992e-01 7.030220000000000219e-03
2.325000000000000178e+00 9.556780000000000275e-01 6.908380000000000423e-03
2.375000000000000000e+00 9.486949999999999550e-01 6.681639999999999975e-03
2.424999999999999822e+00 9.579280000000000017e-01 6.469889999999999843e-03
2.475000000000000089e+00 9.533399999999999652e-01 6.611579999999999714e-03
2.524999999999999911e+00 9.495999999999999996e-01 5.984480000000000355e-03
2.575000000000000178e+00 9.626379999999999937e-01 6.072179999999999939e-03
2.625000000000000000e+00 9.611020000000000119e-01 5.939459999999999705e-03
2.674999999999999822e+00 9.688689999999999802e-01 6.128589999999999732e-03
2.725000000000000089e+00 9.618050000000000210e-01 5.903829999999999668e-03
2.774999999999999911e+00 9.601730000000000542e-01 5.712560000000000207e-03
2.825000000000000178e+00 9.733100000000000085e-01 5.664299999999999717e-03
2.875000000000000000e+00 9.714310000000000445e-01 5.590679999999999782e-03
2.924999999999999822e+00 9.748569999999999736e-01 5.413929999999999958e-03
2.975000000000000089e+00 9.664260000000000073e-01 5.191099999999999708e-03
3.024999999999999911e+00 9.749390000000000001e-01 5.243870000000000302e-03
3.075000000000000178e+00 9.822849999999999637e-01 5.231379999999999884e-03
3.125000000000000000e+00 9.750750000000000250e-01 5.122360000000000281e-03
3.174999999999999822e+00 9.831929999999999836e-01 5.107949999999999990e-03
3.225000000000000089e+00 9.847569999999999935e-01 5.021239999999999731e-03
3.274999999999999911e+00 9.822539999999999605e-01 4.674160000000000120e-03
3.325000000000000178e+00 9.826350000000000362e-01 4.840299999999999638e-03
3.375000000000000000e+00 9.837470000000000381e-01 4.783879999999999903e-03
3.424999999999999822e+00 9.774490000000000123e-01 4.620009999999999915e-03
3.475000000000000089e+00 9.913750000000000062e-01 4.487330000000000312e-03
3.524999999999999911e+00 9.885220000000000118e-01 4.484039999999999901e-03
3.575000000000000178e+00 9.902840000000000531e-01 4.555479999999999773e-03
3.625000000000000000e+00 9.816089999999999538e-01 4.358070000000000346e-03
3.674999999999999822e+00 9.879170000000000451e-01 4.460650000000000032e-03
3.725000000000000089e+00 9.879189999999999916e-01 4.342580000000000398e-03
3.774999999999999911e+00 9.873769999999999492e-01 4.268290000000000105e-03
3.825000000000000178e+00 9.856530000000000014e-01 4.359769999999999791e-03
3.875000000000000000e+00 9.889329999999999510e-01 4.177590000000000123e-03
3.924999999999999822e+00 9.897909999999999764e-01 4.095460000000000420e-03
3.975000000000000089e+00 9.858280000000000376e-01 3.878400000000000163e-03
4.025000000000000355e+00 9.928879999999999928e-01 4.198200000000000022e-03
4.075000000000000178e+00 9.872199999999999864e-01 3.899039999999999884e-03
4.125000000000000000e+00 9.859160000000000146e-01 3.946879999999999833e-03
4.174999999999999822e+00 9.964790000000000036e-01 3.768759999999999905e-03
4.224999999999999645e+00 9.905310000000000503e-01 3.886140000000000167e-03
4.275000000000000355e+00 9.886669999999999625e-01 3.718210000000000005e-03
4.325000000000000178e+00 9.867200000000000415e-01 3.781720000000000134e-03
4.375000000000000000e+00 9.837390000000000301e-01 3.684730000000000210e-03
4.424999999999999822e+00 9.866509999999999447e-01 3.700950000000000160e-03
4.474999999999999645e+00 9.873049999999999882e-01 3.536640000000000183e-03
